1004
1006
1016
1021
1032
1038
1040
1043
1063
1064
1065
1069
1078
1082
1107
1122
1124
1126
1133
1137
1144
1159
1168
1183
1189
1195
1212
1213
1214
1220
1236
1240
1241
1247
1265
1271
1274
1279
1280
1284
1301
1310
1311
1323
1325
1330
1336
1340
1350
1351
1352
1353
1356
1378
1395
1404
1406
1410
1417
1483
1489
1512
1523
1525
1535
1537
1541
1542
1545
1550
1559
1576
1582
1594
1621
1622
1631
1645
1650
1651
1655
1680
1687
1688
1713
1714
1717
1725
1738
1766
1767
1774
1788
1790
1799
1809
1816
1825
1828
1835
1836
1844
1863
1880
1884
1886
1892
1894
1895
1899
1902
1928
1938
1939
1942
1974
1978
1982
1984
1991
2037
2041
2064
2085
2092
2111
2129
2130
2139
2170
2176
2190
2204
2205
2206
2212
2214
2246
2253
2255
2265
2268
2269
2280
2296
2302
2306
2307
2308
2320
2326
2327
2359
2361
2376
2380
2394
2399
2401
2409
2412
2420
2422
2429
2431
2432
2435
2441
2527
2528
2558
2559
2582
2629
2658
2667
2671
2672
2686
2706
2727
2731
2733
2734
2736
2737
2739
2760
2769
2789
2815
2816
2822
2826
2830
2835
2847
2849
2850
2854
2856
2863
2867
2879
2882
2912
2914
2919
2937
2949
2953
2979
2996
3010
3014
3019
3020
3028
3057
3063
3087
3088
3090
3124
3134
3143
3146
3173
3197
3361
3372
3379
3407
3420
3456
3467
3560
3612
3619
3671
3708
3719
3740
3752
3753
3811
3818
3819
3844
3853
3879
3909
3916
3918
3929
3938
3944
3982
3983
3985
4029
4030
4144
4181
4266
4305
4392
4416
4440
4447
4510
4653
4677
4703
4712
4752
4771
4816
4889
4942
5020
5119
5121
5139
5181
5199
5239
5248
