1017
1018
1019
1020
1022
1023
1024
1025
1033
1037
1045
1056
1057
1058
1061
1062
1071
1076
1077
1088
1090
1091
1095
1096
1098
1103
1111
1112
1113
1114
1118
1123
1134
1135
1140
1141
1142
1148
1158
1160
1166
1167
1172
1180
1182
1185
1193
1194
1199
1209
1210
1215
1219
1227
1229
1230
1233
1234
1238
1239
1243
1246
1249
1250
1259
1281
1288
1289
1290
1292
1294
1302
1309
1313
1316
1318
1322
1331
1332
1338
1339
1346
1355
1362
1364
1367
1371
1375
1385
1387
1388
1394
1396
1405
1414
1432
1434
1435
1440
1443
1444
1454
1455
1461
1465
1466
1467
1470
1473
1474
1475
1476
1481
1495
1498
1504
1508
1509
1510
1517
1518
1519
1521
1529
1530
1531
1532
1536
1538
1543
1544
1546
1547
1555
1556
1561
1564
1566
1570
1572
1573
1575
1577
1586
1588
1592
1604
1609
1617
1620
1629
1630
1632
1635
1638
1639
1647
1649
1656
1658
1661
1665
1670
1671
1672
1674
1681
1684
1690
1692
1702
1729
1733
1743
1744
1745
1746
1747
1748
1750
1754
1759
1784
1785
1786
1793
1794
1798
1806
1807
1815
1819
1821
1833
1842
1843
1845
1853
1855
1865
1869
1873
1874
1878
1882
1883
1890
1900
1901
1906
1907
1908
1911
1920
1922
1929
1931
1932
1934
1959
1960
1965
1970
1977
1988
1990
1992
2001
2004
2005
2007
2009
2019
2027
2028
2031
2032
2040
2049
2058
2062
2066
2068
2072
2078
2082
2083
2088
2090
2094
2096
2101
2104
2105
2117
2121
2126
2128
2132
2136
2165
2171
2180
2191
2193
2196
2201
2203
2207
2211
2239
2251
2256
2298
2299
2301
2309
2310
2311
2313
2330
2335
2348
2355
2364
2366
2367
2370
2378
2381
2383
2384
2385
2386
2388
2390
2393
2397
2419
2426
2427
2434
2436
2440
2449
2504
2539
2543
2552
2563
2580
2623
2630
2638
2641
2642
2648
2649
2661
2665
2678
2683
2684
2685
2690
2696
2697
2699
2701
2715
2723
2725
2728
2729
2735
2758
2771
2772
2776
2777
2778
2781
2782
2784
2786
2793
2803
2804
2817
2818
2820
2853
2855
2858
2866
2872
2878
2884
2888
2895
2896
2902
2903
2904
2916
2918
2920
2926
2932
2935
2942
2946
2947
2951
2960
2970
2983
2984
2997
3012
3016
3021
3027
3030
3040
3062
3074
3078
3093
3094
3111
3120
3133
3136
3139
3142
3144
3151
3183
3184
3252
3353
3368
3371
3374
3375
3382
3390
3395
3399
3406
3414
3416
3496
3611
3655
3662
3670
3686
3751
3795
3799
3864
3865
3880
3884
3903
3905
3908
3910
3912
3915
3951
3956
3958
4017
4018
4086
4089
4263
4328
4368
4369
4378
4391
4415
4439
4549
4670
4736
4746
4817
4860
4888
4924
4939
4960
4961
4994
4995
5006
5077
5116
5118
5143
5146
5238
5269
