1005
1013
1026
1027
1034
1039
1041
1050
1052
1053
1054
1066
1070
1072
1073
1074
1080
1083
1092
1099
1108
1119
1120
1127
1128
1129
1131
1132
1136
1153
1155
1156
1169
1171
1174
1175
1186
1188
1191
1196
1197
1198
1221
1225
1228
1231
1237
1242
1245
1248
1260
1262
1266
1267
1268
1269
1270
1272
1273
1275
1278
1282
1283
1286
1291
1297
1298
1306
1312
1314
1315
1333
1341
1342
1343
1345
1347
1349
1360
1361
1363
1365
1368
1369
1370
1373
1374
1377
1379
1380
1381
1382
1383
1386
1390
1391
1392
1407
1409
1412
1418
1419
1429
1436
1437
1438
1439
1441
1445
1450
1453
1457
1462
1463
1468
1471
1472
1484
1487
1490
1491
1492
1493
1499
1503
1511
1514
1516
1520
1522
1524
1528
1533
1549
1558
1560
1562
1565
1578
1580
1584
1593
1602
1607
1608
1613
1619
1624
1627
1633
1637
1640
1653
1660
1662
1663
1666
1682
1697
1704
1709
1710
1723
1726
1730
1731
1736
1761
1762
1764
1768
1769
1771
1772
1773
1776
1778
1779
1780
1782
1783
1800
1801
1805
1810
1813
1814
1818
1820
1823
1826
1831
1834
1837
1840
1841
1846
1849
1850
1854
1857
1858
1859
1868
1871
1875
1879
1896
1904
1919
1925
1930
1937
1941
1944
1948
1949
1950
1951
1955
1956
1961
1962
1966
1967
1972
1983
1985
1986
1987
1993
1997
1998
1999
2002
2014
2015
2016
2017
2018
2022
2023
2024
2029
2030
2033
2034
2044
2047
2052
2054
2055
2059
2060
2061
2065
2070
2071
2073
2079
2087
2091
2098
2100
2102
2103
2107
2110
2112
2113
2114
2115
2119
2122
2125
2127
2133
2134
2135
2148
2152
2158
2162
2168
2169
2174
2177
2182
2184
2185
2186
2187
2194
2195
2197
2198
2199
2202
2208
2209
2213
2215
2216
2218
2220
2222
2224
2225
2227
2228
2231
2233
2234
2236
2237
2243
2244
2247
2248
2252
2258
2261
2263
2264
2266
2267
2270
2278
2279
2281
2285
2290
2292
2294
2295
2303
2312
2319
2323
2324
2325
2328
2331
2332
2334
2338
2339
2340
2341
2342
2343
2344
2345
2346
2349
2352
2353
2357
2358
2363
2365
2379
2382
2389
2391
2398
2406
2407
2411
2413
2417
2424
2425
2438
2439
2448
2451
2453
2455
2456
2457
2458
2484
2493
2502
2507
2512
2513
2514
2520
2530
2531
2532
2534
2541
2545
2546
2547
2549
2551
2555
2557
2564
2571
2574
2575
2577
2581
2583
2585
2587
2589
2591
2592
2593
2595
2613
2618
2619
2621
2622
2625
2627
2635
2636
2647
2650
2652
2654
2656
2657
2659
2662
2668
2674
2675
2679
2687
2691
2698
2700
2702
2704
2707
2709
2712
2713
2716
2717
2718
2720
2724
2730
2732
2738
2740
2741
2742
2743
2744
2745
2746
2747
2749
2751
2752
2753
2756
2759
2761
2768
2780
2785
2796
2797
2798
2801
2808
2812
2814
2821
2827
2829
2831
2832
2833
2836
2841
2842
2843
2845
2846
2848
2851
2857
2859
2860
2861
2862
2864
2865
2868
2869
2870
2874
2875
2876
2880
2881
2883
2885
2886
2887
2889
2890
2893
2894
2897
2899
2905
2915
2921
2922
2923
2928
2929
2933
2936
2938
2939
2940
2941
2948
2950
2954
2962
2964
2966
2967
2968
2971
2972
2975
2977
2980
2981
2982
2985
2986
2988
2989
2990
2991
2994
2995
2999
3000
3001
3003
3004
3005
3007
3008
3011
3015
3017
3018
3022
3024
3025
3026
3029
3031
3032
3034
3035
3036
3038
3039
3043
3044
3045
3046
3047
3048
3049
3051
3052
3053
3054
3055
3058
3061
3064
3068
3069
3070
3072
3073
3075
3076
3077
3079
3080
3082
3083
3087
3089
3092
3096
3097
3099
3100
3101
3102
3104
3105
3106
3109
3110
3112
3113
3114
3115
3116
3123
3125
3126
3127
3128
3129
3130
3132
3135
3137
3138
3140
3141
3145
3147
3155
3182
3194
3205
3253
3275
3282
3360
3365
3373
3376
3377
3381
3385
3386
3387
3388
3389
3393
3396
3398
3400
3405
3408
3410
3411
3417
3419
3421
3422
3424
3430
3431
3434
3435
3446
3452
3459
3463
3475
3478
3486
3487
3489
3492
3498
3500
3501
3503
3507
3509
3512
3518
3522
3528
3531
3536
3539
3545
3550
3557
3572
3585
3594
3601
3605
3606
3608
3609
3610
3617
3618
3621
3627
3651
3656
3659
3660
3661
3663
3664
3667
3668
3677
3682
3694
3697
3698
3718
3720
3737
3739
3743
3744
3754
3758
3787
3788
3796
3797
3800
3801
3802
3805
3807
3808
3812
3820
3842
3843
3845
3847
3848
3854
3855
3856
3857
3859
3860
3861
3862
3867
3868
3870
3871
3873
3874
3885
3891
3901
3904
3906
3907
3914
3917
3921
3924
3927
3930
3931
3932
3933
3935
3937
3939
3941
3942
3945
3946
3947
3948
3949
3952
3957
3961
3963
3964
3969
3979
3986
3998
3999
4016
4019
4028
4046
4047
4050
4053
4054
4058
4059
4060
4071
4079
4084
4085
4087
4092
4095
4101
4107
4109
4132
4138
4141
4145
4147
4157
4160
4162
4163
4170
4185
4186
4188
4190
4217
4222
4231
4236
4242
4255
4257
4264
4265
4267
4268
4269
4270
4273
4275
4277
4283
4289
4293
4296
4310
4316
4330
4343
4349
4366
4375
4376
4377
4380
4387
4388
4393
4394
4398
4399
4403
4408
4409
4417
4421
4422
4427
4430
4438
4452
4499
4509
4521
4539
4544
4545
4554
4571
4573
4578
4584
4588
4596
4612
4615
4623
4644
4658
4664
4667
4674
4711
4741
4742
4748
4753
4754
4757
4759
4764
4766
4772
4773
4779
4780
4802
4805
4810
4812
4813
4818
4821
4824
4825
4826
4828
4829
4830
4831
4832
4862
4863
4871
4872
4873
4874
4875
4876
4877
4879
4880
4881
4885
4893
4894
4896
4903
4905
4909
4914
4925
4932
4933
4936
4937
4943
4944
4945
4954
4959
4969
4972
4973
4974
4981
4989
4991
4992
4996
4998
5000
5001
5002
5003
5013
5017
5018
5022
5026
5032
5033
5034
5035
5078
5079
5080
5084
5086
5087
5088
5092
5097
5104
5120
5124
5125
5132
5140
5144
5145
5148
5149
5159
5164
5165
5195
5196
5197
5198
5201
5214
5230
5233
5255
5275
